331
24 1524
25 1533
43 1571
74 1563
81 1525
88 1600
93 1575
104 1657
106 1615
128 1592
129 1684
130 1685
140 1603
143 1710
144 1609
160 1721
162 1613
164 1616
179 1606
210 1729
211 1730
218 1751
231 1748
237 1717
254 1741
259 1743
265 1738
268 1747
269 1745
270 1744
271 1755
273 1750
277 1763
279 1762
280 1754
281 1757
282 1758
288 1786
302 1797
305 1813
306 1805
307 1790
314 1816
322 1795
323 1796
331 1908
334 1766
341 1824
343 1859
344 1846
348 1850
349 1828
352 1943
355 1903
357 1780
359 1864
365 1917
370 1856
395 1831
396 1874
418 1861
421 1901
427 1939
435 1884
438 1946
440 1955
450 1954
457 1961
463 1931
475 1970
477 1976
483 1992
488 2007
493 2002
498 2009
525 2019
563 2030
609 2165
625 2034
627 2035
633 2036
653 2047
655 2076
662 2053
667 2061
675 2059
687 2060
701 2099
718 2112
723 2113
735 2120
738 2100
758 2106
760 2108
771 2125
788 2137
790 2149
799 2156
833 2209
847 2237
862 2257
867 2260
1305 2620
1357 2614
1386 2791
1387 2790
1392 2737
1395 2780
1405 2782
1406 2727
1410 2728
1414 2726
1416 2744
1429 2758
1433 2747
1437 2799
1438 2762
1445 2787
1451 2784
1453 2822
1456 2821
1458 2774
1459 2776
1465 2794
1474 2848
1478 2811
1480 2846
1481 2845
1514 2852
1558 2865
1559 2866
1580 2873
1589 2907
1593 2894
1598 2945
1602 2901
1614 2917
1615 2908
1619 2902
1620 2935
1624 2932
1632 2942
1633 2943
1639 2926
1642 2997
1650 2957
1654 2971
1658 3006
1659 2952
1660 2953
1665 2207
1667 2219
1671 2976
1675 2941
1676 2988
1678 3028
1688 2231
1689 2229
1704 2248
1711 2251
1720 3034
1721 3038
1722 3039
1723 3037
1725 3041
1732 3043
1744 2280
1749 3066
1750 3050
1758 3054
1760 3071
1762 3063
1764 3091
1770 3087
1786 3118
1787 3120
1789 3113
1792 3112
1799 2300
1801 3135
1803 3128
1807 3115
1815 2308
1816 3145
1817 3146
1818 3141
1820 3131
1829 3108
1831 3155
1837 3153
1842 3157
1847 3144
1848 3166
1850 3165
1853 3171
1855 3045
1860 3177
1861 3178
1862 3179
1866 3180
1869 3183
1871 2450
1873 3187
1887 3191
1890 3198
1897 3194
1901 3204
1902 3205
1906 3201
1907 3206
1912 3207
1914 3203
1915 3208
1926 3202
1967 3210
1968 3215
1989 3221
1990 3222
1994 3211
1995 3212
1996 3213
2023 3240
2025 3233
2031 3219
2032 3216
2035 3223
2064 3232
2069 3220
2084 3247
2089 3259
2105 3237
2111 3214
2117 3242
2134 3245
2136 3248
2138 3238
2142 3285
2145 3265
2146 3266
2150 3287
2158 3309
2159 3256
2160 3257
2170 3325
2177 3289
2181 3304
2184 3288
2188 3321
2189 3333
2190 3301
2199 3299
2200 3300
2206 3346
2207 3347
2208 3342
2212 3352
2215 3317
2230 3366
2239 3365
2240 3367
2244 3320
2245 3368
2251 3339
2262 3386
2265 3384
2266 3385
2267 3395
2275 3356
2276 3357
2278 3396
2286 3403
2288 3402
2289 3400
2294 3407
2304 3401
2306 3409
2346 3418
2347 3419
2384 3410
2387 3420
2390 3422
2392 3448
2396 3447
2397 3429
2404 3455
2406 3441
2410 3449
2413 3451
2414 3465
2415 3467
2417 3482
2418 3476
2419 3477
2420 3479
2428 3474
2433 3487
2434 3490
2438 3491
2443 3500
2444 3488
2445 3489
2460 3517
2461 3514
2462 3518
2468 3504
2469 3505
2470 3527
2471 3530
2476 3548
2477 3549
2478 3541
2479 3544
2480 3542
2481 3543
2497 3569
2505 3501
2506 3502
2515 3570
2523 3577
2563 3550
2566 3602
2572 3627
2579 3632
2580 3636
2581 3634
2590 3645
2598 3647
2600 3648
2607 3660
2608 3678
2610 3676
