0.428005
0.226475
0.393747
0.341936
0.247298
0.239887
0.223172
0.318944
0.536809
0.319971
0.367699
0.22188
0.320056
0.274187
0.360666
0.302411
0.457949
0.357484
0.728506
0.639105
0.440557
0.567603
0.544315
0.476184
0.260871
0.352513
0.267458
0.303516
0.403575
0.278191
0.297823
0.07657
0.0864605
0.870933
0.958871
0.319721
0.389965
0.30536
0.372143
0.26877
0.347901
0.272665
0.483291
0.271652
0.270487
0.18303
0.194722
0.614336
0.609547
0.776055
0.659245
0.468575
0.465738
0.783683
0.769879
0.597415
0.620322
0.679299
0.730558
0.303307
0.589635
0.152616
1.10704
0.428021
0.260513
0.262727
0.29968
0.280862
0.286106
0.265563
0.247244
0.457761
0.181258
0.229428
0.138859
0.134571
0.63391
0.312674
0.612606
0.644873
0.681483
0.673121
0.731364
0.61864
0.637784
0.20249
0.60708
0.301221
0.174614
0.379875
0.277829
0.32689
0.271015
0.338682
0.342234
0.546202
0.176572
0.163276
0.476178
0.952442
0.945896
2.42907
0.730134
0.718335
0.533386
0.312783
0.244071
0.231052
0.286004
0.243327
0.183028
0.389365
0.389046
0.436546
0.226435
0.360481
0.30732
0.189446
0.452932
0.326563
0.228431
0.125549
0.114349
0.488523
0.212818
0.151024
0.0940779
0.115157
0.222669
0.22394
0.212643
0.710465
0.704923
0.43952
0.608063
0.256007
0.573705
0.204474
0.204474
0.265066
0.334189
0.445234
0.419806
0.315696
0.211947
0.226144
0.333557
0.309962
0.37549
0.200027
0.400134
0.24674
0.57852
0.131948
0.121159
0.327829
0.267951
0.298004
0.258402
0.20395
0.158808
0.124709
0.142532
0.140604
0.108827
0.498222
0.112518
0.490311
0.174961
0.270499
0.26878
0.0894703
0.104554
0.224924
0.154706
0.225424
0.209436
0.333772
0.141605
0.101884
0.355453
0.347381
0.347319
0.312493
0.309609
0.0998346
0.107718
0.233079
0.244017
0.303969
0.257824
0.246093
0.348918
0.284178
0.213704
0.206364
0.34193
0.318034
0.360458
0.324795
0.304168
0.342077
0.366876
0.215508
0.286505
0.282004
0.281385
0.296125
0.122903
0.171354
0.0921728
0.175394
0.168459
0.283028
0.480462
0.277676
0.25338
0.278725
0.292381
0.314792
0.210958
0.351035
0.147101
0.202868
0.57433
0.562554
0.0974498
0.159076
0.171348
0.382831
0.308916
2.47309
0.154951
0.2166
0.0991667
0.142902
0.178247
0.403034
0.370994
0.296883
0.292327
0.22927
0.236491
0.227414
0.349175
0.545652
2.36862
0.316229
0.117235
0.325718
0.0984944
0.105156
0.427365
0.164549
0.216095
0.178834
0.301556
0.31384
0.394378
0.240482
0.24469
0.281351
0.685557
0.719379
0.117647
0.287049
0.224037
1.18702
0.165345
0.219141
0.279769
0.275291
0.28582
1.01929
0.233464
0.171805
0.171627
0.39252
0.442417
0.216382
0.102658
0.364644
0.239508
0.53087
0.316839
0.311427
0.13336
0.471191
0.0835484
0.0810954
0.0835266
0.216487
0.296213
0.226086
0.219164
0.273393
0.273626
0.323305
0.173883
0.747997
0.290575
0.949521
0.175028
0.402146
0.32892
0.276585
0.126061
0.188261
0.246237
0.863312
0.101327
0.137747
0.231091
0.211941
0.26566
0.29089
0.286218
0.205962
0.0920322
0.304288
0.208861
0.163968
0.193967
0.417874
0.247261
0.248678
0.18988
0.124591
0.190835
0.239292
0.251903
0.180481
0.0912223
0.195635
0.231037
0.471382
0.154866
0.239643
0.19679
0.263463
0.242725
0.198146
0.223514
0.0903331
0.0675338
0.259606
0.256648
0.263456
0.069464
0.0630039
0.0603343
0.189145
0.409715
0.244253
0.210836
0.345947
0.241699
0.216337
