2977
0 1959
1 318
2 789
4 318
5 496
6 54
7 53
8 3668
9 57
10 57
11 57
12 54
13 3867
14 85
15 1224
16 2809
18 65
20 3346
21 2627
22 3867
23 21
24 38
26 21
30 194
32 194
35 1066
36 1083
38 673
39 673
41 3276
42 3381
43 3603
44 1454
46 3601
48 24
50 83
51 21
53 120
54 3721
55 117
56 24
57 2626
58 3721
59 89
60 62
61 3264
64 276
65 297
66 1572
67 282
68 283
70 166
71 310
72 308
75 3875
77 1920
78 174
79 295
80 235
82 108
83 109
85 84
87 147
88 457
89 575
90 2807
92 76
95 62
96 295
99 84
100 196
101 66
102 482
104 2762
105 109
106 3207
107 295
108 235
110 748
111 146
115 3193
116 2961
117 261
118 262
120 995
121 2575
123 2807
124 3737
125 1901
126 2459
127 166
129 548
130 1153
132 495
133 2170
134 774
136 2211
137 2213
138 755
139 1102
140 322
141 318
142 3831
143 2477
145 2927
146 179
149 3114
150 370
151 178
152 381
153 873
155 2948
156 370
157 1528
158 279
159 773
160 381
161 1607
164 381
165 862
167 587
168 588
169 1316
171 730
172 58
173 1014
174 903
175 1502
176 1608
178 3358
179 457
180 73
182 3043
183 2019
184 2031
185 1510
186 113
188 260
191 482
192 456
193 458
194 2740
195 1263
196 3344
197 2968
198 279
200 3841
201 1036
202 651
203 987
204 920
205 989
206 369
207 1024
209 1034
211 121
212 651
213 1024
214 462
215 1004
216 3236
217 314
218 467
221 121
223 476
224 475
225 167
228 3095
229 457
231 1398
233 1007
236 3777
238 3276
239 3777
242 2095
243 500
246 193
247 3154
248 490
249 742
251 314
252 549
254 1118
255 1530
256 3346
257 2910
261 1169
262 2535
264 575
266 932
268 2190
269 3130
270 537
271 3294
272 575
273 190
274 3294
275 194
276 348
277 354
280 616
281 1234
282 1235
283 757
284 211
285 1954
286 2699
287 1233
288 1270
290 2954
292 1149
293 1233
294 1420
295 1316
296 616
297 1235
298 586
300 840
301 1200
302 2216
303 451
306 3782
307 3547
308 1433
309 1014
310 1015
312 1242
313 1234
314 1235
317 693
319 304
320 1233
321 1234
322 1244
323 1242
324 616
325 1700
326 1701
327 616
328 1235
329 62
330 3031
331 405
332 351
333 364
334 425
336 425
337 363
338 214
339 1242
342 1607
343 1608
344 390
345 391
346 400
347 1261
348 401
349 267
350 2539
351 224
352 425
354 387
357 910
358 1376
359 132
360 131
361 265
362 369
363 3252
364 482
365 280
367 3740
368 1014
369 1015
371 3672
372 3638
373 3315
374 1068
375 687
376 33
379 3876
381 465
382 737
383 673
385 2007
386 1114
387 3006
388 2682
389 726
390 1057
391 3098
392 285
395 2114
396 792
397 102
399 1370
400 856
401 1209
402 3500
403 2500
404 998
407 148
408 1713
409 1888
410 1209
411 1380
412 673
413 672
415 2882
416 3656
417 3865
418 3183
419 3558
422 497
423 1503
427 1132
428 2481
429 3475
430 502
431 3645
432 2961
433 323
434 337
435 981
437 2387
438 533
440 1352
441 506
442 638
443 3398
444 636
445 1137
447 757
448 2887
449 789
450 2575
451 3612
452 3611
454 2157
455 1954
456 2649
457 561
458 792
459 3420
461 537
462 571
464 384
465 353
466 983
468 923
469 543
470 840
472 602
473 527
474 2954
475 678
476 1254
478 330
479 1128
480 857
481 1351
482 211
483 1850
485 858
486 681
487 555
489 982
490 364
492 634
493 404
494 1222
495 400
496 682
497 401
498 1671
499 353
501 681
502 1414
503 982
504 983
505 983
507 1199
510 3551
511 1351
512 1895
514 3551
515 3643
516 1436
517 1953
520 1867
521 3671
522 1168
523 3126
524 981
525 983
526 677
527 1261
528 602
531 981
532 982
533 2328
534 437
537 3562
538 1254
539 2015
540 637
541 923
547 857
548 1254
549 1255
552 1242
553 982
554 2415
555 678
557 2341
558 2248
559 1254
560 677
561 903
563 982
564 913
565 957
568 1301
569 400
570 682
571 978
572 2138
573 616
574 1254
575 617
576 1242
577 616
578 2415
579 678
580 708
582 983
583 633
584 1030
585 983
586 981
587 982
588 364
589 555
590 978
591 904
593 886
594 1242
595 346
596 717
597 1031
598 1422
599 1392
601 122
602 2957
603 3175
604 3780
605 73
606 74
607 384
608 2954
609 682
611 619
612 353
613 632
614 656
615 1267
616 708
617 1254
618 617
621 677
623 981
624 1414
626 688
627 933
628 933
630 935
631 707
632 353
633 933
634 1261
635 3662
636 682
637 346
638 3260
639 1414
640 564
642 1742
643 1414
644 1407
645 2138
646 985
647 1768
648 1332
649 625
650 448
651 415
654 3708
655 448
656 2194
657 3027
658 3387
659 3382
660 1456
662 1965
663 177
664 1316
665 1128
668 1026
669 3798
670 987
672 1906
673 1883
674 2488
675 3610
676 3864
677 3671
678 1900
679 2762
680 1704
681 1063
682 1064
684 193
685 91
687 465
688 500
689 3829
690 2205
691 1008
692 1079
693 1009
694 1432
695 3170
697 1072
698 2164
699 1008
701 2552
702 1078
704 1063
707 698
708 1891
709 3282
714 702
716 1822
717 2923
718 1455
720 2619
722 1095
724 1190
725 2585
726 2909
727 1514
729 2961
731 1818
733 2574
734 1098
735 2961
736 2574
738 3586
741 3295
742 40
746 58
747 1037
748 341
749 1516
750 3295
751 2029
752 1107
753 1467
755 1414
756 1108
757 490
758 2046
759 2143
760 523
762 3610
763 3148
764 3610
765 3610
766 1433
767 1414
769 3610
770 2046
771 3610
772 1429
773 1886
775 2548
776 1911
777 1836
778 3654
779 1414
780 2736
781 2046
782 2649
783 47
784 1203
785 1887
786 3454
788 688
789 1407
790 404
791 632
792 3275
793 1414
794 857
795 2141
799 207
800 117
801 3564
802 3610
803 631
804 632
806 1152
807 2015
808 614
809 566
810 631
811 1353
812 1414
814 60
815 1551
816 710
817 682
818 978
819 1439
821 384
822 946
823 2471
824 2470
825 819
827 1753
829 758
830 3617
831 638
832 3580
833 1049
834 3610
835 3564
837 17
838 2460
839 1079
842 3627
844 889
846 3193
847 1414
848 17
849 2460
850 561
852 1420
854 1624
855 973
857 419
858 901
859 710
860 1301
861 566
862 572
866 631
867 618
868 1328
869 1749
870 956
871 551
872 2233
873 1318
874 1654
875 913
876 924
877 3125
878 2460
879 2849
881 631
883 1749
884 920
885 615
886 1322
887 1350
888 933
889 851
890 981
891 982
892 1636
893 1695
894 1385
895 2397
896 654
897 2471
898 631
899 2372
900 211
902 2372
903 1150
904 2210
905 960
906 956
907 633
908 1875
909 3610
910 3564
911 1212
915 1895
916 2731
917 2409
918 1742
919 2397
920 1622
921 1353
922 921
923 2460
924 58
927 804
929 1875
931 1426
932 618
933 2785
934 2632
935 3126
936 636
938 1895
939 1900
940 13
941 976
942 160
943 159
944 397
945 1392
946 3415
948 1472
949 2067
950 2067
951 2708
952 3591
953 501
954 1060
955 3755
958 1898
959 635
960 647
961 3384
962 3516
963 1096
964 1010
966 304
967 1372
968 451
971 709
972 3809
973 1858
974 1318
975 1372
977 1025
978 1026
980 50
983 1815
986 2954
987 1900
988 1423
990 1220
993 90
994 293
995 3824
996 457
999 782
1000 1900
1002 3097
1004 235
1005 1612
1006 1611
1007 1073
1008 259
1009 1059
1010 2554
1011 2654
1012 1753
1014 2459
1015 2570
1016 3732
1017 557
1018 1081
1020 140
1022 1472
1023 2888
1024 1932
1025 2909
1026 3154
1028 3154
1029 3144
1030 1154
1031 1514
1032 3154
1033 1100
1034 1154
1036 1502
1037 1095
1038 314
1039 1462
1040 3807
1041 166
1042 1031
1043 1460
1045 1387
1046 529
1047 2311
1049 1459
1050 781
1051 502
1053 2460
1054 49
1055 337
1056 496
1057 1079
1058 2871
1060 758
1064 2821
1065 1465
1067 1109
1070 1491
1071 1946
1072 958
1074 3099
1075 1503
1076 1119
1078 2202
1079 2471
1080 1844
1081 1844
1082 1845
1083 3297
1085 2409
1088 848
1091 1511
1092 1673
1094 1454
1095 2003
1096 1473
1097 1160
1098 1634
1099 2072
1101 575
1102 3312
1103 1574
1105 1146
1106 32
1109 920
1111 1087
1112 486
1114 1671
1115 765
1116 2311
1117 1875
1118 2151
1120 1217
1121 2073
1122 3454
1123 1689
1124 1196
1125 1634
1126 1695
1127 1295
1128 1850
1129 1031
1130 1689
1131 2731
1132 1688
1133 1629
1134 1217
1137 1311
1140 1686
1141 1844
1142 1845
1143 2166
1144 2409
1145 2008
1146 1875
1147 3070
1148 2072
1149 3357
1150 1208
1151 1387
1152 1391
1154 1739
1156 1189
1157 1532
1158 957
1159 2713
1160 2471
1161 3070
1163 2761
1164 2159
1166 2099
1167 1794
1169 1706
1171 2190
1173 2181
1174 1768
1176 3551
1177 3714
1179 666
1180 636
1181 3519
1182 14
1183 947
1184 1864
1185 1404
1186 1108
1189 1026
1191 2988
1193 1688
1194 2409
1195 1677
1196 2786
1198 1799
1199 907
1201 1475
1202 1259
1204 1671
1205 2065
1206 1287
1207 2460
1209 2151
1210 1749
1211 1315
1212 1475
1213 1773
1214 1695
1215 1295
1216 688
1217 1622
1218 1898
1219 1632
1220 1217
1221 1634
1224 2685
1225 2686
1226 1663
1227 1664
1229 2173
1230 554
1231 1739
1232 666
1233 3586
1234 3457
1237 990
1238 630
1239 631
1240 1216
1241 1217
1242 1310
1243 1218
1244 920
1246 1161
1247 1997
1248 1749
1249 633
1250 983
1251 1798
1252 1328
1253 1412
1257 1022
1258 1209
1259 1792
1260 1793
1261 1739
1262 1392
1263 1422
1264 1321
1265 2534
1268 58
1269 2460
1271 1267
1274 2514
1276 636
1277 3610
1279 1749
1280 3457
1281 2460
1282 920
1283 1328
1284 1192
1285 1844
1286 651
1287 353
1289 58
1290 2460
1291 1185
1292 2460
1294 1161
1295 1739
1296 1196
1297 1875
1298 3070
1299 1844
1300 1749
1301 2087
1303 1184
1308 1051
1309 1768
1310 1332
1311 1387
1314 3663
1315 2837
1316 3457
1317 2180
1319 2460
1320 618
1321 2472
1322 2783
1323 2795
1325 2555
1326 1214
1327 552
1328 970
1329 2980
1330 636
1332 910
1333 1632
1334 1191
1335 1192
1336 992
1337 691
1340 3741
1342 496
1343 1067
1344 2409
1345 318
1346 2922
1347 3841
1348 3600
1352 1550
1353 118
1354 3433
1355 2370
1358 2340
1359 107
1360 340
1361 2264
1362 2340
1364 312
1365 1214
1367 52
1368 3859
1369 1036
1370 2666
1371 2964
1372 2521
1373 3672
1374 2215
1375 1299
1376 668
1377 999
1378 1388
1379 1046
1380 1046
1381 3521
1382 916
1383 1423
1384 1301
1385 3098
1386 1866
1387 1043
1388 3432
1389 1214
1391 3485
1392 335
1393 3135
1394 2338
1396 805
1398 3824
1399 100
1400 3824
1401 81
1402 1376
1404 2857
1405 2200
1406 1398
1407 1309
1408 1081
1409 268
1410 703
1411 3497
1412 3672
1413 1592
1414 1962
1415 3462
1416 1589
1418 1220
1420 147
1422 1772
1423 3619
1427 319
1428 3482
1429 1589
1431 1961
1432 1533
1433 1962
1434 1592
1437 1066
1439 2695
1440 989
1442 742
1443 490
1444 1919
1445 1082
1446 3463
1448 1185
1449 3361
1450 523
1451 1060
1454 3105
1455 1140
1458 1382
1459 1979
1460 1455
1462 3823
1463 2460
1464 269
1465 1903
1466 2624
1469 3159
1470 2902
1472 1932
1473 2903
1474 2633
1475 2143
1476 1932
1477 1099
1478 3144
1480 2911
1483 2959
1485 1722
1486 1126
1489 3322
1490 1932
1491 1628
1493 1503
1494 2405
1495 3499
1496 92
1499 1808
1500 2471
1501 1807
1502 1802
1503 1808
1504 1715
1505 1145
1506 3789
1507 1628
1508 1206
1509 1854
1510 1737
1511 1401
1512 2227
1513 2610
1519 1918
1520 2636
1521 1162
1522 2908
1524 1507
1526 1767
1527 2155
1528 2495
1529 1484
1530 1503
1531 702
1532 1509
1533 1510
1534 3752
1535 1454
1536 37
1537 2470
1538 1141
1539 1188
1540 1189
1541 171
1542 856
1543 1034
1545 1263
1546 1490
1547 1520
1548 2025
1551 2045
1552 1997
1553 2460
1554 3535
1555 1158
1556 1755
1557 2405
1559 1854
1560 1715
1561 1657
1562 1658
1564 2461
1565 111
1567 2076
1568 2434
1569 2135
1570 1755
1572 1737
1573 1710
1576 3761
1577 1719
1578 2757
1579 1755
1580 1129
1582 3291
1583 3375
1584 3304
1585 2654
1586 1979
1587 1854
1589 2460
1590 1084
1591 2719
1593 3381
1594 1293
1596 1734
1597 1292
1598 1194
1599 572
1600 1974
1601 1990
1602 1799
1603 1988
1604 1664
1605 1890
1606 2670
1607 3661
1610 2460
1611 837
1613 2133
1614 2979
1615 3196
1616 3196
1617 1997
1618 2051
1619 2110
1621 1579
1624 2417
1625 2691
1626 2111
1627 1798
1629 1417
1630 1870
1631 1850
1632 1560
1634 1145
1635 1256
1636 1677
1637 2434
1638 1192
1640 1548
1641 1547
1642 1556
1643 2448
1644 3761
1645 437
1646 1628
1647 1560
1648 2757
1650 1933
1652 1764
1653 1075
1655 1844
1656 1854
1659 2471
1661 1263
1663 1998
1664 3676
1665 1784
1666 3253
1667 1628
1668 2223
1669 1256
1670 1301
1671 354
1672 1634
1673 1636
1674 2073
1675 1744
1676 1634
1677 566
1678 1362
1679 3221
1680 3221
1681 1293
1682 1566
1683 1628
1684 1314
1685 2029
1686 1694
1688 1698
1689 120
1691 1731
1692 1709
1693 1710
1694 2834
1696 1734
1697 1292
1698 1293
1699 1194
1701 3357
1702 2460
1703 1827
1704 1788
1706 1612
1707 1568
1711 1793
1712 1794
1713 1568
1714 1537
1716 1538
1717 1639
1719 1568
1720 1798
1721 196
1722 1734
1724 1677
1725 2318
1726 1293
1727 1742
1728 1194
1729 2098
1730 1293
1731 1790
1732 2085
1733 1788
1734 1556
1735 1829
1736 1830
1737 1790
1738 1850
1740 3551
1741 1734
1743 575
1744 3761
1746 1556
1747 1550
1748 3766
1749 3767
1750 2460
1751 1706
1753 1706
1754 1594
1756 1844
1757 733
1758 1535
1759 1750
1760 2197
1761 1568
1762 1593
1763 1594
1764 2459
1765 1913
1766 2180
1767 1207
1768 1840
1769 1696
1772 1718
1773 1732
1774 1751
1775 1802
1776 1696
1777 2539
1778 761
1779 8
1781 1816
1782 774
1783 1410
1784 8
1785 8
1786 2954
1787 3505
1789 2473
1790 1798
1793 1807
1794 1808
1795 8
1796 1947
1797 1807
1798 1685
1799 1560
1801 2916
1803 1750
1804 1318
1805 1850
1806 567
1807 922
1808 101
1809 2717
1810 3753
1811 1542
1812 2456
1815 2530
1818 1191
1819 1192
1821 272
1822 3469
1824 2345
1826 1365
1827 1796
1828 1688
1829 1844
1831 100
1837 625
1839 1529
1840 1391
1842 1488
1843 1051
1844 1799
1845 1800
1847 2961
1849 2505
1850 312
1851 2114
1853 75
1854 3740
1855 1858
1857 1860
1859 297
1860 1826
1862 13
1863 625
1864 3675
1865 93
1867 951
1868 2820
1870 1094
1871 1365
1872 1366
1873 2717
1874 2954
1875 1043
1876 1874
1877 1057
1878 265
1880 1217
1881 1452
1882 491
1883 1078
1884 1919
1885 1082
1887 170
1891 98
1892 1922
1893 3523
1896 1140
1897 3298
1898 2857
1900 1071
1901 775
1903 3429
1905 2915
1907 1376
1908 3693
1909 2827
1910 165
1913 3221
1914 3702
1915 1901
1916 93
1918 3611
1920 1014
1921 755
1924 1863
1925 469
1927 3588
1928 2576
1929 1880
1930 171
1931 1092
1932 2290
1933 742
1934 1441
1935 742
1936 658
1937 486
1938 1919
1939 1920
1940 3833
1942 3664
1943 2918
1944 1061
1947 3384
1948 1126
1950 1455
1951 2955
1952 1060
1953 282
1955 2460
1956 1932
1957 1932
1959 3843
1960 1777
1961 1808
1963 1414
1964 2889
1966 2488
1968 1531
1970 2108
1972 1977
1973 2820
1975 3628
1976 1126
1977 1976
1978 1501
1979 1502
1982 2126
1983 3729
1985 2211
1986 3723
1987 2976
1988 1219
1989 1975
1990 1161
1991 1755
1993 3145
1994 1942
1995 1524
1996 1520
1999 684
2000 1941
2001 1755
2002 1533
2003 1566
2004 2133
2005 107
2006 3195
2007 2133
2008 2142
2009 3499
2010 571
2011 1730
2012 693
2013 694
2015 1822
2016 2449
2017 573
2019 2458
2021 2731
2022 1753
2023 1600
2024 2750
2025 2011
2028 2851
2029 178
2030 3676
2031 2570
2032 3720
2034 1302
2035 1566
2036 3681
2037 1983
2038 1150
2039 2460
2040 1997
2041 1551
2042 2110
2043 3786
2045 3065
2046 3672
2047 2924
2048 2046
2049 1414
2051 3788
2052 2110
2053 2948
2054 1621
2056 2802
2057 1556
2058 2656
2059 87
2061 2851
2062 1652
2063 3727
2064 1659
2065 1660
2066 910
2067 1667
2068 1619
2069 2471
2071 2649
2072 1755
2073 1660
2074 95
2075 3532
2076 2134
2077 2135
2078 2079
2079 1878
2081 2079
2082 1617
2083 2136
2085 2470
2086 2471
2088 2726
2089 2977
2090 2006
2091 2133
2092 2979
2094 2978
2095 1556
2096 1594
2098 2851
2099 3676
2100 2181
2101 1302
2102 1569
2104 1215
2105 1533
2106 2155
2107 1594
2108 2176
2110 437
2112 1784
2114 571
2115 1454
2116 2802
2118 1973
2119 2813
2120 806
2122 2874
2123 1308
2124 1542
2125 1900
2126 1560
2127 2882
2128 1365
2129 2861
2130 3331
2131 3720
2132 1971
2133 1654
2134 1140
2135 1817
2136 47
2137 761
2138 341
2140 1791
2141 1905
2142 2750
2143 2813
2144 1183
2145 3236
2147 2851
2152 1432
2153 2209
2154 3780
2155 2814
2156 1388
2158 1390
2159 3676
2161 3419
2162 3505
2163 312
2164 737
2166 113
2168 354
2169 2213
2170 2813
2172 73
2173 2133
2174 1848
2175 1366
2176 2199
2177 73
2178 2213
2179 1614
2180 3725
2181 3724
2182 1329
2185 1660
2186 98
2187 1816
2188 177
2189 2681
2191 3505
2192 1894
2193 1183
2195 1871
2196 2089
2197 2088
2198 1366
2201 3077
2202 3292
2203 1755
2204 1425
2205 1426
2206 2813
2207 1351
2208 2961
2209 32
2210 1939
2211 2006
2212 2871
2213 2224
2214 2252
2215 1267
2216 1838
2218 1366
2219 2881
2221 3101
2222 2852
2223 2271
2224 3164
2226 2106
2227 1898
2228 1366
2230 2259
2237 2961
2238 672
2241 2262
2242 3561
2243 3705
2244 1534
2245 1838
2246 2510
2247 1839
2248 2089
2249 8
2251 65
2253 3040
2255 1833
2257 984
2258 3716
2259 1453
2260 1917
2262 2882
2263 179
2264 1444
2265 1445
2266 1119
2268 704
2270 2569
2272 3154
2273 1126
2274 2895
2275 319
2276 1871
2277 2716
2279 2624
2281 2279
2282 2277
2283 2277
2284 2460
2286 3128
2287 2607
2288 2460
2292 2460
2293 2275
2295 2629
2297 2641
2299 2590
2301 2603
2302 2894
2303 683
2304 684
2305 2904
2306 3400
2307 2291
2308 1072
2309 1472
2310 2757
2311 2750
2312 2750
2313 2757
2314 2903
2315 3073
2318 3628
2319 2282
2320 1971
2321 2664
2322 2622
2323 1095
2324 2272
2326 3092
2327 1967
2328 1992
2329 2006
2330 2977
2331 2430
2332 2460
2333 2368
2334 2460
2335 2368
2336 2133
2337 2312
2339 2375
2340 3669
2342 2175
2343 704
2344 1767
2345 2717
2346 3419
2347 580
2349 2201
2350 2669
2351 2341
2352 2334
2353 2471
2354 2460
2356 2958
2357 3788
2359 1621
2360 2789
2361 2836
2362 2726
2363 2092
2364 2381
2365 3121
2367 2975
2368 2985
2369 2412
2370 2413
2371 1664
2372 1664
2373 2443
2374 1815
2375 1992
2376 2509
2377 2429
2378 2430
2379 1767
2380 1207
2381 2430
2383 1659
2385 2979
2386 1329
2387 704
2388 2763
2389 2764
2391 2145
2392 2136
2393 819
2394 953
2395 2449
2396 2375
2397 704
2398 1409
2399 2473
2400 2416
2402 3547
2403 2682
2404 2802
2405 3701
2406 2484
2407 3383
2408 3731
2409 2924
2410 2782
2411 2771
2412 2795
2413 1999
2415 3718
2416 3843
2417 1784
2418 2805
2419 2806
2420 3843
2421 1456
2426 2817
2427 2818
2428 2543
2430 3269
2431 3270
2432 2505
2434 792
2435 3420
2439 98
2440 3718
2441 2505
2442 2142
2443 3661
2444 1390
2445 1826
2446 311
2447 3535
2448 2877
2450 2537
2452 867
2453 2819
2457 1426
2458 2471
2460 1366
2461 2813
2462 3432
2464 1120
2465 3725
2466 3724
2468 3668
2470 3824
2472 1734
2474 2540
2475 3668
2477 485
2478 2814
2479 1755
2480 1425
2481 1426
2483 1101
2484 1425
2486 2417
2487 2252
2488 1905
2489 1183
2490 3448
2491 951
2492 566
2493 2551
2494 2257
2495 2551
2499 1899
2501 265
2502 2756
2503 2260
2504 759
2505 1337
2507 3086
2508 2295
2509 61
2512 309
2513 2558
2514 520
2515 171
2516 464
2517 2663
2518 1389
2520 3291
2521 1140
2522 2882
2523 2567
2525 529
2526 2381
2527 3474
2528 1446
2529 3258
2530 3147
2533 1875
2534 2470
2536 2899
2537 2585
2538 2895
2539 3138
2540 2909
2541 1154
2542 2622
2543 2226
2544 1074
2545 1113
2546 691
2547 2421
2548 3154
2549 3414
2550 3144
2551 1455
2553 1950
2554 2911
2555 3144
2557 775
2558 2306
2559 2345
2560 3843
2562 2430
2563 2355
2564 3136
2565 3147
2566 3485
2567 2276
2568 3168
2569 2669
2570 2347
2571 2649
2572 3669
2573 2403
2574 2277
2575 2310
2576 171
2577 3683
2578 1954
2579 1999
2580 2360
2581 2932
2582 2653
2583 2937
2584 2692
2585 931
2586 1914
2587 2652
2590 2416
2592 3394
2593 2461
2595 2471
2597 2040
2598 2758
2599 2837
2600 2677
2601 2678
2602 2379
2603 2677
2604 2678
2606 2058
2607 1605
2608 2334
2609 2377
2611 2342
2612 2720
2613 2949
2614 2385
2615 2447
2616 2687
2617 2949
2618 2949
2619 2766
2621 2694
2623 2693
2624 2369
2626 2329
2627 3021
2628 193
2629 759
2630 2754
2631 3229
2632 2471
2634 2959
2635 12
2636 2344
2638 2980
2639 2973
2640 2722
2641 2775
2642 2392
2643 2387
2644 2738
2645 2739
2646 3066
2649 3681
2650 2983
2651 2725
2652 1061
2653 2433
2654 2843
2655 2487
2656 2142
2657 2402
2659 1741
2661 2175
2665 3779
2667 1773
2668 1774
2669 2473
2670 1082
2671 2478
2672 1603
2673 3216
2674 2401
2675 2460
2676 3535
2678 3394
2679 2783
2680 3020
2681 3013
2682 2784
2683 2766
2684 1603
2685 2782
2687 2705
2688 2559
2689 1605
2690 3040
2691 3237
2692 3039
2693 2718
2694 2573
2695 2782
2697 3053
2698 3364
2699 2796
2700 2797
2701 3244
2702 2877
2703 2798
2704 2799
2705 2800
2706 2796
2707 2797
2708 2771
2709 3066
2710 3067
2711 3066
2714 1817
2715 2503
2716 2688
2718 3241
2720 1137
2721 1035
2722 1034
2723 293
2724 722
2725 2829
2728 2258
2729 1820
2731 1734
2732 2259
2733 3710
2734 2679
2735 2844
2738 2814
2740 2529
2741 744
2743 1490
2745 1999
2749 1183
2753 2457
2754 3085
2757 3132
2761 2548
2762 2258
2763 2809
2764 494
2765 3479
2766 1771
2767 3190
2768 1021
2769 2786
2770 517
2771 2378
2772 3276
2774 2237
2776 2882
2777 3128
2779 3613
2781 3161
2782 3132
2783 1502
2784 1444
2785 1389
2786 1389
2787 2886
2788 2580
2793 3806
2794 2595
2795 2908
2796 3855
2797 2634
2798 49
2799 3142
2800 3146
2801 2599
2802 1137
2804 3663
2805 3855
2806 2911
2807 3144
2809 1903
2810 2664
2811 2664
2812 2915
2813 2916
2814 2299
2815 2903
2816 1454
2819 2663
2820 2735
2821 2375
2822 3472
2823 3145
2824 3079
2825 2680
2826 2401
2829 3295
2830 2321
2831 3304
2832 2766
2833 3014
2834 3030
2835 3469
2836 484
2837 2687
2839 3174
2840 3103
2841 3025
2842 3024
2843 2056
2844 2469
2845 3023
2846 2694
2847 2004
2848 2754
2849 3021
2851 2995
2852 2424
2853 2425
2854 2015
2855 2672
2856 2436
2857 2751
2858 2359
2859 2755
2860 2670
2861 2754
2862 2028
2863 2423
2865 2339
2866 2469
2867 2056
2868 2432
2869 2791
2870 2792
2872 2041
2873 2350
2874 3045
2875 2719
2876 2349
2877 2697
2878 2050
2879 2469
2880 2371
2881 2057
2882 2056
2883 3641
2885 2059
2886 2795
2888 2948
2890 2727
2891 8
2892 704
2893 1559
2894 3860
2895 3861
2897 2968
2898 2968
2899 2722
2900 3197
2901 2431
2902 2984
2903 2984
2904 3005
2906 2692
2908 3071
2910 3716
2911 2735
2912 423
2913 2431
2916 2667
2917 2321
2918 3076
2919 2981
2920 3459
2921 2110
2922 2113
2923 2371
2927 2954
2928 2410
2929 2056
2930 3025
2932 3423
2934 3028
2935 2327
2936 2995
2937 2129
2938 2127
2940 2751
2941 2752
2942 827
2943 2783
2944 2473
2945 2754
2946 2755
2947 2425
2948 2450
2950 2339
2951 3829
2952 2782
2953 2147
2954 2469
2955 3216
2956 2401
2957 3215
2958 2475
2959 2474
2960 3217
2961 2697
2962 2344
2963 2041
2964 2046
2965 3019
2966 2681
2967 2755
2968 3021
2969 3018
2970 2461
2971 2046
2972 2349
2973 2050
2974 2755
2975 3020
2976 3018
2977 3013
2978 3014
2979 3020
2980 3030
2982 3360
2983 3031
2984 3025
2986 2705
2987 3057
2988 3031
2989 3028
2990 2469
2991 2371
2993 2056
2994 3229
2995 3228
2996 2755
2998 3041
2999 3042
3000 2755
3001 3437
3002 2455
3003 3041
3004 3228
3005 2477
3006 2480
3008 2179
3009 2787
3010 2788
3011 2061
3012 2377
3013 2795
3014 2787
3015 3046
3016 3045
3017 3237
3018 3054
3019 3048
3020 3065
3021 3366
3022 3247
3023 3048
3024 2968
3025 3239
3026 3054
3027 3054
3028 3048
3029 3050
3030 2765
3031 2040
3033 3062
3034 2793
3035 3062
3036 3449
3037 3448
3038 2796
3039 3244
3041 3070
3042 3086
3043 3070
3044 3070
3045 3254
3046 3253
3047 3071
3048 3070
3049 1197
3050 3457
3051 3288
3052 1001
3053 3855
3054 2281
3055 2235
3057 2401
3058 2846
3059 2847
3060 1426
3063 3876
3064 1924
3065 3482
3067 3831
3068 947
3069 2474
3074 3488
3075 2151
3076 2495
3078 3113
3080 1532
3081 2576
3082 2543
3083 1898
3084 1158
3085 2536
3088 1126
3089 2174
3090 3393
3092 300
3094 1887
3095 2856
3097 180
3098 309
3099 1605
3100 488
3101 2795
3102 3275
3103 3500
3104 2460
3105 2878
3106 2879
3109 49
3111 2881
3112 3844
3113 1501
3114 2838
3116 2352
3117 2635
3118 2886
3119 2881
3120 76
3121 1968
3122 2635
3123 3168
3124 3456
3125 1410
3126 27
3127 1889
3128 1514
3129 1520
3130 3288
3131 2926
3132 2927
3134 3474
3135 3716
3136 3159
3137 3145
3138 2446
3139 3159
3140 1454
3141 2683
3142 2926
3143 2927
3144 1454
3145 2925
3146 2599
3148 171
3149 3457
3150 2903
3151 2605
3152 2734
3153 3394
3154 2713
3155 2954
3156 3350
3157 3239
3158 3272
3160 2436
3161 3366
3162 3749
3163 3513
3164 2058
3166 2965
3168 3350
3169 758
3170 3352
3171 3409
3172 3364
3173 3326
3175 500
3176 3369
3177 1889
3178 3019
3179 3002
3180 2754
3182 3041
3183 3350
3184 2748
3185 2820
3186 2956
3187 2957
3189 2962
3190 2961
3191 1352
3192 2820
3193 3362
3194 3046
3195 3237
3197 3056
3198 3230
3199 3233
3202 2476
3204 3060
3205 3244
3206 3243
3207 3364
3208 1842
3209 3365
3210 3249
3211 3369
3212 3369
3213 3254
3214 3255
3215 3235
3217 3746
3218 3288
3219 1784
3220 1784
3221 3078
3223 3129
3224 2614
3225 2615
3227 1337
3230 434
3231 3006
3232 3101
3233 3102
3236 429
3237 652
3238 1856
3239 3113
3240 3861
3242 3288
3243 2848
3244 2206
3245 1528
3246 2347
3247 1510
3248 1924
3250 2642
3252 1898
3254 3122
3255 3121
3257 491
3258 1452
3259 2195
3260 745
3263 3249
3264 3148
3265 2578
3266 2878
3267 176
3268 3288
3269 2634
3270 2619
3271 330
3272 2470
3273 2470
3274 869
3275 3458
3276 3292
3278 76
3279 1871
3280 773
3281 1942
3282 1959
3283 3240
3284 2908
3286 1397
3287 3400
3288 1098
3289 1098
3290 1126
3291 1082
3294 1934
3295 2108
3296 2820
3297 1418
3298 3603
3299 3242
3301 3183
3302 3198
3304 3320
3305 3321
3306 1082
3307 9
3308 2820
3310 2734
3311 3342
3312 3360
3313 3240
3315 3054
3317 3356
3318 3357
3319 2820
3320 2085
3321 3354
3322 3357
3323 1787
3324 3356
3326 2963
3327 3255
3329 2972
3336 1034
3337 299
3339 1887
3340 491
3341 2838
3342 3382
3343 3383
3344 3566
3345 3519
3346 1082
3347 1082
3349 3259
3350 3230
3351 3212
3352 3211
3354 3502
3355 8
3356 9
3357 8
3358 9
3359 3252
3361 752
3362 775
3363 2268
3365 1901
3366 2899
3367 2908
3368 3157
3369 3423
3370 3144
3372 3485
3373 2649
3374 2820
3375 1745
3376 2952
3377 2953
3379 3493
3381 3490
3382 1435
3385 2720
3386 3560
3387 3440
3388 3454
3389 3535
3390 3517
3391 3518
3392 2271
3393 3450
3394 3369
3395 3368
3399 3098
3400 2680
3401 3687
3402 3535
3404 1490
3405 3485
3406 2621
3407 3526
3409 3286
3412 354
3413 3843
3414 3474
3415 760
3416 3290
3417 3419
3418 1472
3419 3477
3420 3401
3422 3388
3423 2263
3424 3474
3425 792
3426 2869
3428 1388
3429 3075
3430 3550
3432 3551
3433 3588
3434 3666
3435 3187
3436 3687
3437 2649
3438 758
3440 3494
3441 3760
3442 3491
3444 3286
3445 1387
3446 3492
3449 507
3451 3358
3452 58
3453 3417
3454 3575
3456 3855
3457 3620
3458 3764
3459 3521
3461 3584
3462 3585
3463 164
3464 1967
3465 3382
3466 3383
3467 3466
3468 3470
3469 3589
3470 3546
3471 2567
3472 3783
3476 3474
3477 3716
3478 1820
3479 3165
3480 3741
3481 1389
3482 3419
3483 3549
3484 3768
3486 3330
3487 2405
3488 1754
3489 1569
3490 3191
3491 3532
3493 3604
3496 3588
3498 2472
3500 3619
3502 3034
3503 2777
3505 9
3506 8
3508 8
3509 9
3510 3492
3512 3758
3513 3876
3516 3535
3517 1703
3518 3288
3520 8
3521 9
3522 3526
3523 3619
3524 2848
3525 2809
3526 773
3527 1356
3530 8
3531 9
3533 6
3534 7
3535 3372
3536 90
3537 265
3538 752
3539 3548
3541 561
3543 3401
3544 3630
3545 3608
3547 3702
3548 1555
3551 3606
3554 3558
3555 3831
3556 3434
3557 138
3559 1988
3562 2820
3563 2645
3564 2591
3566 3237
3567 498
3568 3541
3569 3259
3570 3434
3571 3474
3572 3716
3573 501
3574 2610
3575 3702
3576 3607
3577 3556
3578 3495
3579 3683
3582 3718
3583 3434
3585 1936
3586 3743
3587 1208
3588 3782
3589 3646
3590 1580
3591 3679
3592 3642
3593 3743
3595 3503
3596 3528
3597 1082
3599 3645
3600 3664
3601 2568
3602 3332
3604 1551
3605 254
3606 1397
3607 3758
3608 3664
3609 1411
3611 3713
3612 3693
3614 3605
3616 3667
3617 2035
3618 2373
3619 3701
3621 3645
3622 3703
3623 3645
3624 3702
3625 3680
3626 3647
3627 3648
3628 3458
3629 3867
3632 1983
3633 3582
3635 3653
3637 3262
3638 3664
3639 3764
3640 3596
3641 31
3642 3474
3643 2575
3646 250
3647 3786
3648 3661
3649 1890
3651 3262
3652 3286
3654 3485
3658 3718
3659 70
3660 2009
3662 3680
3663 3676
3664 3643
3665 3678
3666 3675
3667 3720
3668 3700
3669 3584
3670 3747
3671 3701
3672 3683
3673 3371
3674 3722
3675 2605
3676 3507
3678 1816
3680 3461
3683 3474
3684 3621
3685 1447
3687 2594
3688 1042
3689 993
3691 1505
3694 1783
3695 3861
3697 3699
3698 3617
3699 3613
3700 271
3702 3750
3703 1542
3704 757
3705 3667
3707 2591
3708 3598
3709 3288
3711 3739
3712 3742
3713 3775
3715 2823
3716 2852
3717 3802
3719 3712
3720 3664
3721 3612
3723 2882
3724 2658
3726 2670
3727 3136
3728 1004
3733 1390
3734 757
3736 3748
3737 3861
3739 3589
3740 3765
3741 73
3743 2898
3744 2572
3745 3794
3747 3401
3748 3786
3750 1453
3751 1024
3752 9
3753 8
3754 2520
3755 1024
3757 9
3759 3031
3761 1783
3762 465
3764 3474
3765 2804
3767 3785
3768 3608
3770 3831
3773 477
3774 3762
3775 3781
3776 473
3777 2041
3778 3727
3779 3797
3780 260
3781 3129
3782 3805
3783 2671
3784 293
3785 0
3787 3774
3788 3855
3789 3788
3790 3811
3791 3832
3792 3779
3793 3780
3795 705
3796 572
3797 3782
3798 3818
3799 3819
3800 3817
3801 2145
3802 2556
3805 3415
3806 3628
3807 3690
3808 1034
3810 3830
3811 3832
3812 3791
3813 148
3814 3862
3815 1491
3816 2188
3819 1889
3821 3844
3822 3128
3824 3816
3825 40
3826 3862
3827 3862
3828 1484
3829 1925
3831 3734
3834 3806
3835 3856
3836 3687
3837 3879
3838 1058
3839 1054
3840 281
3841 2174
3842 3873
3843 2201
3844 3658
3845 3874
3847 3397
3848 3161
3849 3888
3850 3892
3851 1888
3852 3896
